[start]
th1=38.100000000000001
th2=-39.200000000000003
th3=-63.399999999999999
th4=25.699999999999999
th5=-41.5
th6=-41.399999999999999
[finish]
th1=0
th2=0
th3=0
th4=0
th5=0
th6=0
[goal]
coordx=0
coordy=200
coordt=90
epsilon=50
